0313331333 39

9131131303 13333 31111111 30111..131 8311103131οἀ
30301113313131131131 300131131331011331191131
33113333, 3311 fi 0990313001190331331101130
3019013 131139 31113. 3331331911331331311
111113133013110333333111103, 1131191333 36
11113131,331311 991113313101133011111313111113
1131311101, 30393110111131113101113 1111331031
3030033301333101131133113113 vitrea 91
333313331311113113131119 19311331 enascatur.
8331)1113,113131300111’311331131031133113303
0111300311311311313, 311 moderatus 3319,

331 9133 11033 331 sne 1333 813311330311113
0103010113013113113131191113113 30933311
'ilico 01133313033133113011131133 319113- ’
1331011313331333133133313 1311901111 q, ¹
93131331 13319109331311113111331131 30111310
extrahenda 11133330111331111333113 s
13131131113101011331931311331313331101111111
mationem 3131131,331301113131331111013
1113311331338313903113 3113331310,133111113 ’ ,
Γ31131311311333111331131311113110 1011011331
33131113131090313093131(13133313 93311333
133113331131111 30113113 3193119311. 11131103
91111131311311131110301110311111131 11313909

3111. Cum enim morbus 19133131193330 Δ
13131031111111313903111131313301011133311 ,
13119113 933 os sumptum 33113631 901133 333 v 3,..

 

